BlockNumber,blocktime,gasUsed,size in bytes,transaaction in block,pending trasaction,difficulty,total difficulty,queued transation
19,07:39.0,0,535,0,35,502848,10041017,0
20,07:45.0,1039422,7510,34,111,503093,10544110,0
21,07:56.0,3314634,23104,110,45,503093,11047203,0
22,08:00.0,1265854,9192,42,22,503338,11550541,0
23,08:03.0,602812,4660,20,31,503583,12054124,0
24,08:06.0,903770,6719,30,12,503828,12557952,0
25,08:07.0,301342,2600,10,58,504074,13062026,0
26,08:12.0,1720875,12329,57,57,504320,13566346,0
27,08:18.0,1691368,12132,56,6,504566,14070912,0
28,08:19.0,150991,1575,5,15,504812,14575724,0
29,08:20.0,422698,3438,14,24,505058,15080782,0
30,08:22.0,724872,5507,24,152,505304,15586086,0
31,08:38.0,4590472,32004,152,13,505304,16091390,0
32,08:39.0,362340,3024,12,64,505550,16596940,0
33,08:46.0,1932672,13788,64,15,505796,17102736,0
34,08:47.0,392551,3231,13,6,506042,17608778,0
35,08:48.0,181202,1782,6,95,506289,18115067,0
36,08:57.0,2838554,19997,94,24,506289,18621356,0
37,08:59.0,664130,5093,22,51,506536,19127892,0
38,09:05.0,1540185,11097,51,104,506783,19634675,0
39,09:15.0,3110069,21861,103,76,506783,20141458,0
40,09:23.0,2235038,15857,74,19,507030,20648488,0
41,09:24.0,543606,4265,18,24,507277,21155765,0
42,09:27.0,724552,5508,24,3,507524,21663289,0
43,09:28.0,60422,953,2,25,507771,22171060,0
44,09:30.0,755083,5715,25,174,508018,22679078,0
45,09:47.0,4680657,32622,155,125,508018,23187096,0
46,09:57.0,3592869,25173,119,34,508018,23695114,0
47,10:00.0,936285,6957,31,38,508266,24203380,0
48,10:04.0,1117231,8199,37,42,508514,24711894,0
49,10:08.0,1238267,9026,41,22,508762,25220656,0
50,10:10.0,633983,4887,21,31,509010,25729666,0
51,10:14.0,905882,6750,30,12,509258,26238924,0
52,10:15.0,332193,2817,11,13,509506,26748430,0
53,10:16.0,362404,3024,12,4,509754,27258184,0
54,10:17.0,90569,1161,3,21,510002,27768186,0
55,10:18.0,634175,4887,21,5,510251,28278437,0
56,10:19.0,120844,1368,4,74,510500,28788937,0
57,10:26.0,2204251,15649,73,139,510749,29299686,0
58,10:40.0,4106648,28690,136,112,510749,29810435,0
59,10:51.0,3291207,23103,109,6,510749,30321184,0
60,10:53.0,573945,4473,19,6,510998,30832182,0
61,10:54.0,30211,745,1,44,511247,31343429,0
62,10:58.0,1298689,9441,43,93,511496,31854925,0
63,11:07.0,2778196,19584,92,75,511496,32366421,0
64,11:14.0,2234654,15856,74,86,511745,32878166,0
65,11:23.0,2536700,17928,84,22,511745,33389911,0
66,11:25.0,604028,4680,20,23,511994,33901905,0
67,11:27.0,664450,5092,22,51,512243,34414148,0
68,11:32.0,1510102,10890,50,11,512493,34926641,0
69,11:33.0,301982,2610,10,79,512743,35439384,0
70,11:41.0,2354858,16684,78,117,512993,35952377,0
71,11:53.0,3442390,24136,114,63,512993,36465370,0
72,11:59.0,1842103,13166,61,5,513243,36978613,0
73,12:00.0,120780,1368,4,147,513493,37492106,0
74,12:14.0,4409142,30761,146,29,513493,38005599,0
75,12:17.0,755211,5714,25,13,513743,38519342,0
76,12:18.0,362404,3024,12,7,513993,39033335,0
77,12:19.0,211413,1988,7,43,514243,39547578,0
78,12:23.0,1268414,9233,42,47,514494,40062072,0
79,12:28.0,1389066,10061,46,50,514745,40576817,0
80,12:33.0,1479571,10682,49,9,514996,41091813,0
81,12:34.0,241560,2196,8,55,515247,41607060,0
82,12:39.0,1660901,11924,55,2,515498,42122558,0
83,12:40.0,30211,745,1,10,515749,42638307,0
84,12:41.0,302046,2610,10,20,516000,43154307,0
85,12:42.0,603964,4679,20,12,516251,43670558,0
86,12:43.0,332193,2817,11,35,516503,44187061,0
87,12:47.0,996515,7371,33,73,516755,44703816,0
88,12:54.0,2144085,15235,71,19,517007,45220823,0
89,12:56.0,513331,4058,17,10,517259,45738082,0
90,12:57.0,271771,2403,9,46,517511,46255593,0
91,13:01.0,1358855,9854,45,49,517763,46773356,0
92,13:06.0,1419469,10269,47,46,518015,47291371,0
93,13:10.0,1328644,9648,44,15,518267,47809638,0
94,13:12.0,392551,3231,13,74,518520,48328158,0
95,13:19.0,2234398,15858,74,83,518773,48846931,0
96,13:27.0,2446451,17307,81,37,519026,49365957,0
97,13:31.0,1057001,7785,35,23,519279,49885236,0
98,13:33.0,664386,5094,22,17,519532,50404768,0
99,13:35.0,483184,3852,16,6,519785,50924553,0
100,13:36.0,181202,1782,6,156,520038,51444591,0
101,13:51.0,4680529,32624,155,35,520038,51964629,0
102,13:54.0,875991,6543,29,43,520291,52484920,0
103,13:58.0,1268670,9234,42,55,520545,53005465,0
104,14:04.0,1600543,11509,53,29,520799,53526264,0
105,14:07.0,815313,6129,27,6,521053,54047317,0
106,14:08.0,150991,1575,5,84,521307,54568624,0
107,14:16.0,2536700,17928,84,68,521561,55090185,0
108,14:22.0,1963011,13992,65,8,521815,55612000,0
109,14:23.0,181202,1782,6,37,522069,56134069,0
110,14:27.0,1117103,8199,37,38,522323,56656392,0
111,14:30.0,1117487,8197,37,27,522578,57178970,0
112,14:33.0,785230,5922,26,5,522833,57701803,0
113,14:34.0,120780,1368,4,26,523088,58224891,0
114,14:36.0,754955,5715,25,38,523343,58748234,0
115,14:40.0,1117359,8198,37,7,523598,59271832,0
116,14:41.0,181202,1782,6,26,523853,59795685,0
117,14:43.0,754763,5715,25,190,524108,60319793,0
118,15:02.0,4680401,32625,155,44,523853,60843646,0
119,15:03.0,1177653,8613,39,25,524108,61367754,0
120,15:05.0,724424,5507,24,54,524363,61892117,0
121,15:11.0,1600351,11511,53,49,524619,62416736,0
122,15:15.0,1449296,10476,48,3,524875,62941611,0
123,15:16.0,60422,953,2,36,525131,63466742,0
124,15:19.0,1087148,7990,36,5,525387,63992129,0
125,15:20.0,120844,1368,4,54,525643,64517772,0
126,15:25.0,1600671,11511,53,36,525899,65043671,0
127,15:29.0,1026790,7578,34,63,526155,65569826,0
128,15:35.0,1872378,13374,62,86,526411,66096237,0
129,15:43.0,2567039,18136,85,81,526668,66622905,0
130,15:52.0,2385389,16893,79,177,526668,67149573,0
131,16:09.0,4680401,32624,155,55,526668,67676241,0
132,16:13.0,1570460,11305,52,54,526925,68203166,0
133,16:18.0,1570140,11304,52,59,527182,68730348,0
134,16:24.0,1751342,12547,58,58,527439,69257787,0
135,16:29.0,1690792,12131,56,81,527696,69785483,0
136,16:38.0,2416304,17101,80,46,527696,70313179,0
137,16:42.0,1298497,9441,43,36,527953,70841132,0
138,16:46.0,1057001,7786,35,69,528210,71369342,0
139,16:53.0,2053004,14614,68,37,528467,71897809,0
140,16:56.0,1057065,7784,35,37,528725,72426534,0
141,17:00.0,1087404,7991,36,7,528983,72955517,0
142,17:01.0,181138,1783,6,13,529241,73484758,0
143,17:02.0,392615,3232,13,17,529499,74014257,0
144,17:03.0,483184,3853,16,20,529757,74544014,0
145,17:05.0,604156,4681,20,58,530015,75074029,0
146,17:11.0,1720875,12340,57,5,530273,75604302,0
147,17:12.0,120844,1369,4,36,530531,76134833,0
148,17:15.0,1087020,7993,36,11,530790,76665623,0
149,17:16.0,301982,2611,10,50,531049,77196672,0
150,17:21.0,1509718,10891,50,17,531308,77727980,0
151,17:23.0,453037,3646,15,47,531567,78259547,0
152,17:27.0,1419469,10270,47,28,531826,78791373,0
153,17:30.0,785038,5923,26,41,532085,79323458,0
154,17:34.0,1207800,8821,40,10,532344,79855802,0
155,17:35.0,241496,2197,8,60,532603,80388405,0
156,17:41.0,1781425,12754,59,4,532863,80921268,0
157,17:44.0,120844,1369,4,0,533123,81454391,0
158,17:54.0,0,536,0,0,533123,81987514,0
159,17:55.0,0,536,0,0,533383,82520897,0
160,17:57.0,0,536,0,0,533643,83054540,0
161,18:07.0,0,536,0,0,533643,83588183,0
162,18:12.0,0,536,0,0,533903,84122086,0
163,18:18.0,0,536,0,0,534163,84656249,0
164,18:25.0,0,536,0,0,534423,85190672,0
165,18:33.0,0,536,0,0,534683,85725355,0
166,18:38.0,0,536,0,0,534944,86260299,0
